1600.4198510877238
Time:  0.06751275062561035
Solution:  1600.4198510877238
