2030.2557449929488
Time:  0.08501839637756348
Solution:  2030.2557449929488
