2434.0417728274483
Time:  0.10571074485778809
Solution:  2434.0417728274483
