2832.4111200912557
Time:  0.12058544158935547
Solution:  2832.4111200912557
