3223.312294621916
Time:  0.1421215534210205
Solution:  3223.312294621916
