3593.954147841467
Time:  0.15932226181030273
Solution:  3593.954147841467
