398.467901523038
Time:  0.01745748519897461
Solution:  398.467901523038
