4007.953252245319
Time:  0.17358994483947754
Solution:  4007.953252245319
