818.3504532487352
Time:  0.03328394889831543
Solution:  818.3504532487352
