1211.458455603988
Time:  0.051400184631347656
Solution:  1211.458455603988
